County Unreserved_Timberland_Total Unreserved_Timberland_SE Unreserved_Other_Total Unreserved_Other_SE Unreserved_Total_Total Unreserved_Total_SE Reserved_Productive_Total Reserved_Productive_SE Reserved_Other_Total Reserved_Other_SE Reserved_Total_Total Reserved_Total_SE All_Total All_SE
Alameda — — 205.4 104.5 205.4 104.5 — — — — — — 205.4 104.5 
Alpine 1,303.6 505.0 99.8 64.8 1,403.5 509.0 1,502.1 387.0 104.2 50.8 1,606.3 389.5 3,009.8 637.6 
Amador 1,187.8 529.7 40.1 18.4 1,227.9 530.0 278.9 177.5 — — 278.9 177.5 1,506.8 556.9 
Butte 2,931.3 724.6 229.9 93.9 3,161.2 730.4 — — 19.9 18.7 19.9 18.7 3,181.1 730.7 
Calaveras 1,420.5 444.6 289.4 83.9 1,710.0 451.9 22.1 22.5 — — 22.1 22.5 1,732.0 452.4 
Colusa 139.4 67.2 223.7 94.3 363.1 115.7 — — — — — — 363.1 115.7 
Contra_Costa — — 3.2 3.3 3.2 3.3 7.1 7.7 — — 7.1 7.7 10.4 8.4
Del_Norte 6,100.9 1,326.9 176.2 91.0 6,277.0 1,329.2 1,783.7 588.3 5.0 6.3 1,788.7 588.3 8,065.7 1,433.9
El_Dorado 6,205.6 930.4 188.4 95.6 6,394.0 934.0 1,239.1 701.1 180.6 102.4 1,419.7 708.5 7,813.7 1,147.6
Fresno 2,841.1 651.3 419.0 181.2 3,260.1 674.9 4,394.4 753.3 770.8 208.3 5,165.3 776.3 8,425.4 1,001.5
Glenn 1,168.7 522.3 134.7 69.9 1,303.4 526.5 50.5 53.0 — — 50.5 53.0 1,353.9 529.1
Humboldt 19,893.6 2,795.2 214.3 76.7 20,107.9 2,795.1 6,155.8 1,911.1 — — 6,155.8 1,911.1 26,263.8 3,313.3
Imperial — — 34.6 25.7 34.6 25.7 — — 4.2 4.3 4.2 4.3 38.8 26.1
Inyo 144.5 87.7 336.0 102.5 480.5 134.4 85.5 84.6 430.6 137.7 516.1 161.3 996.7 206.2
Kern 1,214.8 530.4 718.6 287.9 1,933.3 600.1 — — 188.1 95.5 188.1 95.5 2,121.4 607.3
Lake 1,129.5 365.7 288.8 109.8 1,418.3 380.9 1.1 1.1 22.4 15.6 23.6 15.7 1,441.9 380.9
Lassen 3,491.7 584.5 624.8 214.1 4,116.5 622.0 531.2 317.7 — — 531.2 317.7 4,647.7 697.1
Los_Angeles 456.2 264.5 93.5 35.8 549.7 266.7 46.8 45.5 104.0 76.9 150.8 89.2 700.5 280.5
Madera 2,953.1 930.1 211.3 84.6 3,164.3 933.7 3,339.9 1,037.3 144.9 96.9 3,484.8 1,041.4 6,649.2 1,386.4
Marin 552.3 331.7 29.5 15.6 581.8 332.0 395.6 293.6 — — 395.6 293.6 977.4 443.2
Mariposa 770.9 254.7 246.8 87.1 1,017.7 269.0 5,004.3 1,158.6 193.7 118.0 5,198.0 1,159.4 6,215.7 1,189.7
Mendocino 8,215.5 961.1 640.4 184.5 8,855.9 976.3 580.5 487.0 149.2 82.4 729.7 493.9 9,585.6 1,092.9
Modoc 2,617.0 560.1 270.4 70.5 2,887.4 564.1 538.8 345.3 15.3 15.4 554.1 345.6 3,441.6 659.4
Mono 573.5 203.4 1,370.4 329.8 1,943.9 383.3 157.9 145.9 114.0 70.0 271.8 161.8 2,215.7 415.3
Monterey 179.5 107.5 457.6 154.5 637.1 188.0 33.0 26.3 846.7 474.4 879.7 475.1 1,516.8 510.4
Napa 253.5 118.8 90.0 40.6 343.6 125.2 — — 14.2 11.4 14.2 11.4 357.7 125.7
Nevada 2,331.4 564.5 26.5 23.1 2,357.9 565.0 — — 8.0 7.3 8.0 7.3 2,366.0 565.0
Orange — — 33.1 30.1 33.1 30.1 — — — — — — 33.1 30.1
Placer 4,444.9 850.0 353.0 138.0 4,797.8 859.7 317.4 172.8 23.8 19.1 341.2 173.8 5,139.1 876.0
Plumas 15,301.2 2,002.0 151.9 78.1 15,453.0 2,008.9 839.3 529.3 — — 839.3 529.3 16,292.3 2,064.5
Riverside 20.9 19.0 282.8 230.5 303.7 231.3 95.2 80.5 14.9 12.1 110.2 81.4 413.9 245.2
San_Benito — — 84.9 38.6 84.9 38.6 — — — — — — 84.9 38.6
San_Bernardino 1,436.4 530.2 469.4 142.5 1,905.8 547.9 756.5 449.0 370.4 152.8 1,126.9 473.2 3,032.7 716.8
San_Diego 303.1 270.1 424.1 163.6 727.2 315.0 476.8 398.9 274.4 179.3 751.2 436.6 1,478.4 538.4
San_Luis_Obispo — — 233.0 89.3 233.0 89.3 — — 23.0 20.5 23.0 20.5 256.0 91.6
San_Mateo 197.1 115.5 — — 197.1 115.5 299.4 211.4 18.2 18.5 317.6 212.2 514.7 238.5
Santa_Barbara 25.3 24.3 417.0 158.6 442.4 161.8 104.0 102.9 24.7 15.0 128.7 103.9 571.0 192.1
Santa_Clara 66.7 51.0 315.7 125.3 382.4 135.1 — — 73.7 37.4 73.7 37.4 456.1 140.1
Santa_Cruz 781.5 266.4 — — 781.5 266.4 176.2 93.0 — — 176.2 93.0 957.7 282.1
Shasta 5,164.0 680.1 672.5 191.6 5,836.5 704.1 1,111.5 415.3 90.9 71.6 1,202.4 419.7 7,038.9 815.4
Sierra 4,856.4 919.3 99.8 95.1 4,956.2 924.0 — — — — — — 4,956.2 924.0
Siskiyou 20,590.2 2,592.2 873.3 358.7 21,463.4 2,613.9 7,060.8 1,460.4 101.3 58.6 7,162.1 1,461.3 28,625.6 2,914.8
Solano — — 19.0 16.9 19.0 16.9 — — — — — — 19.0 16.9
Sonoma 1,287.7 302.8 93.5 40.1 1,381.1 304.6 566.1 409.8 120.8 109.7 686.9 423.9 2,068.0 521.7
Stanislaus — — 40.4 34.3 40.4 34.3 — — 20.7 15.9 20.7 15.9 61.1 37.8
Tehama 4,230.8 878.4 792.7 389.0 5,023.6 959.9 584.3 307.7 100.7 72.1 684.9 315.5 5,708.5 1,004.4
Trinity 10,762.3 1,243.7 515.5 178.9 11,277.8 1,253.8 9,233.2 1,625.8 63.4 36.3 9,296.5 1,626.0 20,574.3 1,982.7
Tulare 2,939.1 1,028.5 553.6 198.5 3,492.8 1,046.6 9,697.4 1,528.4 1,780.6 424.3 11,477.9 1,571.5 14,970.7 1,863.5
Tuolumne 4,889.5 1,083.8 345.1 109.0 5,234.6 1,087.8 7,698.0 1,884.0 105.2 83.8 7,803.3 1,884.6 13,037.9 2,174.8
Ventura — — 153.1 54.1 153.1 54.1 485.7 430.8 120.3 115.0 606.0 445.2 759.1 448.1
Yolo — — 68.7 48.6 68.7 48.6 — — — — — — 68.7 48.6
Yuba 742.9 355.4 59.2 27.2 802.1 356.4 — — — — — — 802.1 356.4
